kinematics:
  shoulder:
    x: 0
    y: 0
    z: 0.1625663748169209
    roll: -0
    pitch: 0
    yaw: 6.633913374881617e-08
  upper_arm:
    x: 0.0001201854026229598
    y: 0
    z: 0
    roll: 1.570531813303909
    pitch: 0
    yaw: -2.91974052522873e-06
  forearm:
    x: -0.425270805237179
    y: 0
    z: 0
    roll: 3.140871718738545
    pitch: 3.140963612395323
    yaw: 3.141588845442128
  wrist_1:
    x: -0.3924827235419731
    y: -0.0005881608170457784
    z: 0.1338339431827925
    roll: 0.004394677588007968
    pitch: 0.0002812855769543682
    yaw: 4.756783601443233e-06
  wrist_2:
    x: 0.0001017301069041067
    y: -0.099722898716943
    z: 8.108259028221088e-05
    roll: 1.569983248019033
    pitch: 0
    yaw: -6.993529096631368e-08
  wrist_3:
    x: -5.336575281715136e-05
    y: 0.09951600667881387
    z: 8.752952881320443e-05
    roll: 1.571675878830424
    pitch: 3.141592653589793
    yaw: -3.141592349912246
  hash: calib_7189454900559160059